[[0, 4, -1], [0, 2, 0]], 1.653691e+01, 6.876832e-01, -2.466380e+00, ['20260122_2001']
[[0, 4, 0], [0, 2, 0]], 9.859404e+00, 7.511115e-01, -1.386946e+00, ['20260122_2106']
[[0, 3, -1], [0, 2, 0]], -1.290693e+01, 3.645218e-02, -9.713563e-02, ['20260122_2233', '20260122_2336', '20260123_1054','20260126_1410', '20260129_1159', '20260126_1523']
[[0, 2, -1], [0, 2, 0]], 2.022876e+01, 5.836692e-01, -1.518069e+00, ['20260123_1259']
[[0, 4, -2], [0, 2, 0]], 3.605570e+00, 8.322294e-01, -3.420249e+00, ['20260122_1818']
[[0, 4, 1], [0, 2, 0]], -1.123890e+01, 6.790350e-02, -1.988139e-01, ['20260121_2349']
[[0, 3, 0], [0, 2, 0]], -1.799081e+00, 3.535251e-01, 1.036470e+00, ['20260123_1352', '20260123_1425']
[[0, 3, 1], [0, 2, 0]], -3.776263e+01, 8.079426e-01, 2.138438e+00, ['20260123_1511', '20260123_1542', '20260123_1558']
[[0, 3, 2], [0, 2, 0]], -6.000000e+01, 6.748785e-01, 3.201460e+00, ['20260123_1633', '20260123_1726']
[[2, 2, 1], [2, 4, 2]], 8.782890e-01, 6.722945e-01, 5.073800e-01, ['20260123_1847']
[[2, 4, 2], [2, 4, 1]], 8.930868e-01, 3.030136e-01, 1.295626e+00, ['20260123_2237']
[[-2, 2, -1], [-2, 4, -4]], -2.287363e+01, 3.926948e-01, 2.685240e+00, ['20260126_1824']
[[0, 3, 2], [0, 2, 2]], -1.760373e+00, 2.509760e-01, -5.558168e-02, ['20260127_0026']
[[-1, 3, -3], [-1, 2, -2]], 1.358576e+01, 9.024538e-02, 3.517105e-01, ['20260127_1255']
[[2, 2, 0], [2, 2, 1]], 4.674344e+01, 6.057112e-01, -1.604192e+00, ['20260127_1430']
[[-2, 2, -1], [-2, 3, -2]], 1.801155e+01, 6.007281e-02, -2.472979e-01, ['20251208_1020', '20251208_1036', '20251208_1358', '20260122_1458', '20260122_1546']
