[[0, 4, -1], [0, 2, 0]], 1.138228e+00, 5.292973e-03, -2.466380e+00, ['20260122_2001']
[[0, 4, 0], [0, 2, 0]], 1.106738e+00, 1.008248e-02, -1.386946e+00, ['20260122_2106']
[[0, 3, -1], [0, 2, 0]], 2.390186e-01, 2.535276e-03, -9.713563e-02, ['20260122_2233', '20260122_2336', '20260123_1054']
[[0, 2, -1], [0, 2, 0]], 1.176820e+00, 4.515241e-03, -1.518069e+00, ['20260123_1259']
[[0, 4, -2], [0, 2, 0]], 1.102210e+00, 5.023277e-03, -3.420249e+00, ['20260122_1818']
[[0, 4, 1], [0, 2, 0]], 7.153158e-01, 1.721876e-03, -1.988139e-01, ['20260121_2349']
[[0, 3, 0], [0, 2, 0]], 1.016772e+00, 2.378198e-03, 1.036470e+00, ['20260123_1352', '20260123_1425']
[[0, 3, 1], [0, 2, 0]], 1.427990e+00, 1.083358e-02, 2.138438e+00, ['20260123_1511', '20260123_1542', '20260123_1558']
[[0, 3, 2], [0, 2, 0]], 1.487913e+00, 3.648127e-03, 3.201460e+00, ['20260123_1633', '20260123_1726']
[[2, 2, 1], [2, 4, 2]], 9.343031e-01, 2.909260e-02, 5.073800e-01, ['20260123_1847']
[[2, 4, 2], [2, 4, 1]], 9.840833e-01, 1.719257e-03, 1.295626e+00, ['20260123_2237']
[[-2, 2, -1], [-2, 4, -4]], 1.152292e+00, 2.548172e-03, 2.685240e+00, ['20260126_1824']
[[2, 4, 2], [2, 3, 0]], 1.771385e+00, 1.232244e-02, 6.034234e-02, ['20260126_2124']
[[2, 3, 0], [2, 4, 2]], 1.999999e+00, 8.241472e-02, -6.034234e-02, ['20260127_0000']
[[0, 3, 2], [0, 2, 2]], 9.954310e-01, 2.369891e-02, -5.558168e-02, ['20260127_0026']
[[-1, 3, -3], [-1, 2, -2]], 8.397191e-01, 2.105821e-03, 3.517105e-01, ['20260127_1255']
