fit_wait_times_list:
0
200
400
600
800
1000
1200
1400
1600
1800
2000
2200
2400
2600
2800
3000
3200
3400
3600
3800
4000
4200
4400
4600
4800
5000
5200
5400
5600
5800
6000
6200
6400
6600
6800
7000
7200
7400
7600
7800
8000
8200
8400
8600
8800
9000
9200
9400
9600
9800
10000
10200
10400
10600
10800
11000
11200
11400
11600
11800
12000
12200
12400
12600
12800
13000
13200
13400
13600
13800
14000
14200
14400
14600
14800
15000
15200
15400
15600
15800
16000
16200
16400
16600
16800
fit_detunings_list:
274.0609031725477
-338.5088669714283
-986.6647847063397
-891.3780670777514
-1933.4485986507011
-1331.3599281908394
-3362.3693029044593
-5046.982617484115
-5973.931967590857
-6070.672010905932
-7916.268199686748
-7452.428275846592
-8108.991938840433
-8926.815734858206
-10627.094876185089
-9335.122855159301
-10991.188179900219
-12347.755405503865
-13212.573102894232
-14887.485197576449
-13928.729096735051
-14555.397467543391
-14104.05663579134
-13219.997300674893
-13316.554921262194
-13248.384739134697
-12326.865246441743
-13179.450086193983
-11521.227299995442
-12769.064194632332
-11747.629350454687
-11327.974287337554
-11955.314575844863
-12358.001788473728
-11761.41388635315
-13662.952599784761
-14592.10856260229
-14491.468224289189
-14931.542351591313
-14456.787401156798
-14234.420171565416
-15354.770716034414
-14734.399045865272
-13702.046514305302
-13252.512617857037
-13161.161946495833
-11903.985462858864
-11125.707703058939
-9177.092430741988
-9425.003424752496
-9390.96346788224
-8087.614108391514
-7015.593039590666
-4702.029636104781
-5231.273537461132
-6464.668012834376
-5665.710585741988
-4049.2006072889985
-3194.6638112662827
-1674.222361569784
-789.5321056774513
-1584.5753135309044
-786.266340534056
-347.8511964541731
-494.08791117961096
-858.7813773792915
-2091.836549871306
-2600.265907112187
-2914.675981454979
-2622.6879965713065
-3620.8198288603867
-2797.6985288907395
-3116.7726709041403
-3401.4998322658967
-3574.2435684637226
-2332.1269702331406
-800.6581727125946
-345.65769805521484
-2018.3429560332645
-799.097412641281
-606.8286363457192
160.11643835789522
-307.59669964303924
-103.17999530774041
-195.94015397656963
fit_detuning_errors_list:
198.13945399139868
202.17290762104557
200.15380868224258
181.70203389318343
200.4452946018898
196.21061292075967
203.78295594197164
198.99043761248137
200.58027990656538
202.47645689898928
199.6936155649008
197.84134486317728
204.67360907040822
193.71290655942903
206.8002763915829
198.39942628588534
207.84674570051672
201.2359504039674
202.63572645802543
208.36223484044285
203.91473114954422
200.8010652594869
197.40998692006832
196.33908705275016
198.9499617600776
188.59901406801438
196.66628073531655
196.98366253056847
199.38170619618688
205.23745639940552
203.01335181018564
206.70986458707353
206.46402608189752
202.40294672472712
212.19268256085775
188.5906948975147
198.39277011863612
196.66717516108952
198.21645313838388
204.64878529086724
189.56774179206928
200.4395075852456
174.09034039443765
211.3808943270481
205.1037714013157
198.94982335248113
196.12456856048567
210.49443403959742
185.86783584861095
203.89031780984877
206.51790913794088
198.19431689126958
203.42060382008458
198.5657384730734
208.38870683223917
182.88266568389045
204.757998999039
197.13377409451638
201.31351241620965
202.28409407049523
207.5356341073784
197.73524117022825
202.9252077860399
203.01796735735908
205.2499026550379
199.87829655494514
192.7008789426239
179.06281689589193
213.8780106634823
189.73161246986191
192.5753099487113
208.29220839587734
206.3874878529043
197.0961379615572
200.9403926794364
186.89556034433886
201.64369458050996
206.92669293207598
197.99046927212757
210.65262046038492
205.32633625003666
219.87294109700537
213.78114789083241
217.2730637561482
210.47358717558149
