fit_wait_times_list:
0
200
400
600
800
1000
1200
1400
1600
1800
2000
2200
2400
2600
2800
3000
3200
3400
3600
3800
4000
4200
4400
4600
4800
5000
5200
5400
5600
5800
6000
6200
6400
6600
6800
7000
7200
7400
7600
7800
8000
8200
8400
8600
8800
9000
9200
9400
9600
9800
10000
10200
10400
10600
10800
11000
11200
11400
11600
11800
12000
12200
12400
12600
12800
13000
13200
13400
13600
13800
14000
14200
14400
14600
14800
15000
15200
15400
15600
15800
16000
16200
16400
16600
16800

fit_phases_list:
-0.028916490132783093
0.035088645234899914
0.10178656013986923
0.10918927409562156
0.20891061914184597
0.144534467236689
0.3844463354628098
0.5629606599306615
0.6598210700083089
0.6807907465482976
0.8828491719340845
0.8238585315192405
0.8981083438262916
0.9951977379414243
1.1820359194035948
1.0386334664430414
1.222570776356503
1.37194070443371
1.467331188635814
1.6604593874873252
1.54638531928359
1.6314394979341398
1.563642086576279
1.4697013983124756
1.4754412637458132
1.4717324990390124
1.3671255444810897
1.4634254955049744
1.2826637307382147
1.4156587842691206
1.3054137029189998
1.2609552934822796
1.3322430213530252
1.3680821010152775
1.3006781688326607
1.5269753613666364
1.6327111389236078
1.6117321953130437
1.6643492126303494
1.6191986392310118
1.5883807658960274
1.716681451569467
1.6251292973926441
1.5267676886386294
1.4641693001925127
1.462473566210558
1.3311262364685381
1.2367856646178197
1.0228854625218613
1.0536852507449217
1.050258774215144
0.9023758740211414
0.7778670091636807
0.5258287422644423
0.5848349076263277
0.7263929123658982
0.6290837159950444
0.4505890048492767
0.35385517198917094
0.1810824842936797
0.0859331911756956
0.16674083191405006
0.0829207326725626
0.04202203119305565
0.0516825617517045
0.090104152898492
0.231059207817109
0.29941482296171074
0.3229071007645971
0.2935990447501969
0.3973163414359623
0.3214142877093403
0.3455985905194914
0.38107828437275226
0.40086943430545974
0.2577789304605086
0.08369037312104224
0.03571505385906909
0.21943637052067394
0.08399988463105086
0.06636240172890967
-0.015998902336360154
0.036948111230595986
0.011267798307562794
0.022252419634335944

fit_phase_errors_list:
0.022569022602078395
0.022900728125634352
0.023296567202754026
0.023246723823602516
0.023228097111547434
0.022662551174390134
0.023954091823992885
0.02407109422004503
0.02328914014099791
0.02348598400907702
0.023349789094353205
0.022727872035372226
0.023941412004894278
0.022153986598109163
0.024241791425158615
0.022738223062968785
0.024284546698182
0.023664241606094174
0.023761166100513827
0.024937143840461206
0.024455535869808302
0.023903613200352735
0.023031951979170413
0.022697427747530495
0.023114377873907247
0.022172808826100277
0.022470883963053887
0.02273863024284979
0.022724355465189628
0.02414960629817633
0.023244974891244607
0.02383293895980979
0.02411541783286431
0.024072496392229758
0.02489737095985409
0.021880740887094612
0.02335581359422375
0.02275165113883289
0.023560651326441723
0.024199636687880038
0.021928929627476997
0.023388888108978854
0.02096102929435145
0.025216584529431523
0.024076399011717358
0.02321559630382343
0.024271599606339702
0.024367423062349344
0.021560325599543444
0.023962331135029758
0.024453432661697173
0.022978773066677532
0.023622057800921484
0.022615539157254623
0.02388340419087824
0.02284711404697528
0.023597032050357045
0.022960877827583093
0.023551433897961885
0.023437625168362484
0.024381690839485895
0.02302302767028319
0.024028299916734334
0.02381228081065698
0.02343197787343906
0.02319612734705643
0.022236483414249802
0.02103861943149436
0.025860783377396657
0.02216540232651277
0.023137774379464585
0.02488505449153836
0.02440809006527622
0.023265606913891082
0.023310716605062565
0.021234387736750023
0.02330149986314328
0.02380033831116173
0.022954425050693308
0.02497472158587533
0.024001965353778715
0.02546663032682317
0.025414054756829913
0.025043472306902636
0.024356087231597618
