# B0 B0_err (mG)
3.141933064221413274e-01 3.903928606453541984e-03
# f_Hz A A_err phi phi_err
    60.000 3.272008991306367132e-01 5.365234521238822912e-03 -2.294160849767481025e+00 1.736567509920932881e-02
   120.000 4.924091127282748809e-03 5.688683181713169619e-03 1.895117374212014871e+00 1.085014390996268396e+00
   180.000 1.050855905649174249e-01 5.435584590474927882e-03 2.574655814134274578e+00 5.325005248745687952e-02
   240.000 8.866940051263800734e-03 5.458801391673071685e-03 1.134581181024647140e-01 6.271020227904992028e-01
   300.000 2.699554545893359872e-02 5.562097011661428121e-03 -2.333647344639256271e+00 2.012965246867308988e-01
   360.000 1.392716210295985059e-02 5.497690507460965999e-03 -2.018263754905687268e-01 3.942843471117075671e-01
   420.000 2.093041459377452396e-02 5.449908390680549379e-03 3.078536534120240642e+00 2.629556564027901167e-01
